Statistics computed over 13 Manual runs.

             NDCG@3		   NDCG@5                NDCG@500               AP@500
Topic  Best  Median Worst    Best  Median Worst    Best  Median  Worst     Best  Median  Worst
----- ------ ------ ------  ------ ------ ------  ------- ------ ------  ------- ------ ------
106_1  0.9260 0.7654 0.0000  0.8094 0.6924 0.0000  0.7777 0.7269 0.0949   0.4748 0.4513 0.0089
106_2  0.5433 0.2654 0.1173  0.4985 0.3215 0.1918  0.6572 0.6243 0.2016   0.3878 0.3451 0.0867
106_3  0.4134 0.0587 0.0000  0.2988 0.0656 0.0000  0.5026 0.4109 0.1563   0.2537 0.1565 0.0458
106_4  0.6913 0.2961 0.0740  0.4996 0.3124 0.1630  0.6996 0.5186 0.2973   0.3323 0.2285 0.0693
106_5  0.6606 0.3394 0.0000  0.5870 0.3392 0.1461  0.6829 0.4992 0.2662   0.4594 0.1590 0.0796
106_6  0.6020 0.5433 0.0000  0.4656 0.4202 0.0000  0.6070 0.4262 0.0000   0.4636 0.2762 0.0000
106_7  1.0000 0.7654 0.2346  0.9344 0.6627 0.3738  0.8387 0.7447 0.3485   0.5860 0.4712 0.1767
106_8  0.1353 0.0000 0.0000  0.1016 0.0000 0.0000  0.3632 0.2130 0.1095   0.1377 0.0623 0.0152
106_10 0.4985 0.0000 0.0000  0.3818 0.0000 0.0000  0.4388 0.3046 0.0105   0.1208 0.0682 0.0005
107_1  0.8240 0.7039 0.0000  0.8728 0.7456 0.0000  0.8564 0.8066 0.0000   0.6634 0.5802 0.0000
107_2  1.0000 0.9260 0.0000  0.9672 0.9100 0.0365  0.9270 0.8635 0.0181   0.7420 0.6257 0.0097
107_3  0.8591 0.6261 0.0000  0.7489 0.6708 0.0000  0.8688 0.7377 0.0000   0.7315 0.5545 0.0000
107_4  0.8240 0.6913 0.0000  0.7463 0.6711 0.0000  0.8448 0.6812 0.0000   0.6780 0.5084 0.0000
107_5  0.8929 0.5535 0.0000  0.8590 0.6199 0.0000  0.9169 0.6823 0.0000   0.8013 0.3917 0.0000
107_6  0.7449 0.5102 0.0000  0.7563 0.5553 0.0000  0.8351 0.7860 0.0000   0.6887 0.6632 0.0000
107_7  1.0000 1.0000 0.0000  1.0000 1.0000 0.0656  0.9193 0.8917 0.0242   0.6510 0.6122 0.0048
107_8  1.0000 1.0000 0.0000  1.0000 1.0000 0.0000  0.9229 0.8870 0.0000   0.6911 0.5984 0.0000
108_1  0.8824 0.6618 0.0000  0.8242 0.6282 0.0875  0.8340 0.6787 0.3706   0.6315 0.4941 0.1016
108_2  0.8929 0.6606 0.3394  0.9162 0.7169 0.3229  0.8171 0.5088 0.1030   0.5210 0.2865 0.0283
108_3  0.5765 0.4058 0.0000  0.5552 0.3922 0.0000  0.5616 0.2877 0.0000   0.3256 0.1754 0.0000
108_4  0.8293 0.5765 0.0000  0.8325 0.6409 0.0000  0.6466 0.5192 0.1990   0.3893 0.2233 0.0327
108_5  0.7118 0.5765 0.0000  0.7005 0.5597 0.0000  0.8020 0.7469 0.0000   0.5449 0.5087 0.0000
108_6  0.7346 0.1173 0.0000  0.6309 0.0984 0.0000  0.3342 0.2381 0.0000   0.1033 0.0505 0.0000
108_7  0.7010 0.5535 0.0000  0.6563 0.5585 0.0572  0.7713 0.6619 0.0322   0.5455 0.4126 0.0072
108_8  1.0000 0.8520 0.1480  1.0000 0.7691 0.3112  0.8337 0.5634 0.2261   0.6011 0.3006 0.0763
110_1  0.8827 0.7654 0.0587  0.9152 0.6876 0.1885  0.8332 0.6656 0.1140   0.5461 0.3360 0.0419
110_2  0.7933 0.5866 0.1173  0.7209 0.5074 0.2271  0.7869 0.7423 0.1010   0.5827 0.5253 0.0401
110_3  0.7654 0.5433 0.1913  0.7209 0.5826 0.1383  0.8027 0.7380 0.0640   0.5626 0.4421 0.0263
110_4  0.8520 0.5866 0.0000  0.8565 0.4240 0.0693  0.8632 0.4084 0.0254   0.5634 0.2000 0.0151
110_5  1.0000 0.8087 0.0000  0.8617 0.7754 0.0000  0.8979 0.8262 0.1814   0.6490 0.5498 0.0491
110_6  0.5411 0.0000 0.0000  0.4431 0.0000 0.0000  0.3285 0.1415 0.0768   0.0833 0.0166 0.0033
110_7  1.0000 0.7346 0.0000  0.9608 0.6074 0.0000  0.8380 0.7764 0.0067   0.5872 0.5050 0.0001
110_8  0.9413 0.7933 0.0000  0.9584 0.8538 0.0785  0.9505 0.9064 0.0568   0.8113 0.7503 0.0435
110_9  0.7449 0.4693 0.0000  0.7563 0.4971 0.0457  0.7841 0.6205 0.0204   0.5803 0.3963 0.0065
111_1  0.8647 0.7794 0.0000  0.8591 0.7836 0.0000  0.7624 0.4925 0.0000   0.4423 0.2846 0.0000
111_2  0.9218 0.6667 0.4320  0.9432 0.7346 0.5059  0.8892 0.8012 0.3240   0.7840 0.6151 0.2061
111_3  0.8827 0.8520 0.1173  0.9864 0.8793 0.1969  0.8316 0.6800 0.0855   0.5680 0.4738 0.0312
111_4  1.0000 1.0000 0.0000  1.0000 1.0000 0.0000  0.8939 0.8270 0.0481   0.6190 0.5502 0.0167
111_5  0.3612 0.2605 0.0000  0.4603 0.2065 0.0000  0.5892 0.3904 0.0000   0.3644 0.1838 0.0000
111_6  0.9299 0.8100 0.0000  0.9275 0.8153 0.0000  0.8533 0.7549 0.0000   0.7488 0.5499 0.0000
111_7  0.7654 0.2961 0.0000  0.5531 0.3392 0.0000  0.6811 0.4248 0.0000   0.4000 0.1998 0.0000
111_8  1.0000 0.4693 0.0000  1.0000 0.5531 0.1312  0.8525 0.7846 0.1549   0.5819 0.4668 0.0511
111_9  0.7654 0.1564 0.0000  0.7817 0.1131 0.0000  0.7610 0.4728 0.0416   0.5308 0.1703 0.0037
112_1  0.7067 0.4413 0.1760  0.6129 0.4731 0.2002  0.7899 0.6558 0.2775   0.6983 0.6056 0.0800
112_2  0.7346 0.5000 0.2961  0.7068 0.5260 0.2299  0.8073 0.7482 0.4309   0.9101 0.7175 0.1300
112_3  0.6162 0.4061 0.0000  0.6481 0.4323 0.0514  0.7722 0.6596 0.1878   0.6243 0.4463 0.0519
112_4  0.7779 0.5307 0.0000  0.7300 0.5779 0.0000  0.8052 0.6219 0.0451   0.5284 0.3722 0.0019
112_5  0.5089 0.4058 0.0000  0.5349 0.3833 0.0000  0.6888 0.6159 0.0370   0.5220 0.3479 0.0012
112_6  0.8673 0.6606 0.0000  0.8185 0.6625 0.0000  0.7956 0.6746 0.0771   0.6145 0.4810 0.0044
112_7  0.6913 0.4106 0.0000  0.7694 0.4540 0.0000  0.7787 0.6598 0.0000   0.5217 0.3775 0.0000
112_9  0.8436 0.4693 0.0000  0.7666 0.4438 0.1182  0.8178 0.4440 0.1856   0.6854 0.3531 0.0399
113_1  0.7933 0.4721 0.0587  0.6099 0.4292 0.1711  0.6235 0.4799 0.2530   0.3861 0.3599 0.0805
113_2  0.2961 0.0000 0.0000  0.3452 0.1096 0.0000  0.6040 0.4150 0.1360   0.3194 0.1428 0.0221
113_3  0.7654 0.3827 0.0000  0.6844 0.4078 0.0000  0.5923 0.4674 0.0380   0.2439 0.1352 0.0177
113_4  0.8087 0.1760 0.0000  0.6828 0.2544 0.0000  0.6122 0.4115 0.0000   0.3490 0.1412 0.0000
113_5  1.0000 0.7039 0.1173  1.0000 0.6844 0.0848  0.8583 0.8048 0.1777   0.6599 0.5321 0.1248
113_6  1.0000 0.8827 0.0000  1.0000 0.8304 0.1677  0.8522 0.7532 0.1703   0.5343 0.4450 0.0430
113_7  1.0000 0.5307 0.0000  1.0000 0.6608 0.0984  0.8276 0.6975 0.1747   0.4913 0.3710 0.0331
113_8  0.4693 0.1480 0.0000  0.3392 0.1696 0.0848  0.5297 0.3974 0.1842   0.2600 0.1512 0.0374
115_1  0.5307 0.1913 0.0587  0.5839 0.3305 0.0808  0.7508 0.5568 0.1616   0.5593 0.3833 0.0717
115_2  1.0000 0.8323 0.5665  0.9714 0.7816 0.6439  0.9247 0.8220 0.4497   0.7239 0.4952 0.1233
115_3  0.6480 0.5307 0.2346  0.7133 0.5976 0.1969  0.6924 0.5742 0.1908   0.4342 0.2683 0.0925
115_4  0.8348 0.7398 0.5000  0.8355 0.6795 0.4328  0.8160 0.7499 0.3562   0.5373 0.4477 0.1248
115_5  0.8348 0.4050 0.3100  0.8115 0.4275 0.2926  0.7192 0.5587 0.3352   0.4812 0.3389 0.1244
115_6  0.8827 0.3827 0.0000  0.9016 0.4598 0.0984  0.8801 0.5911 0.2524   0.7849 0.4088 0.0301
115_7  0.8827 0.7654 0.0000  0.7840 0.6187 0.1312  0.8248 0.7257 0.2459   0.6012 0.3886 0.0518
115_8  0.7602 0.3100 0.0000  0.6985 0.4200 0.0561  0.7216 0.5535 0.1072   0.5303 0.3132 0.0295
115_9  0.9501 0.6795 0.2705  0.9495 0.7558 0.2914  0.8055 0.6735 0.2644   0.4426 0.2865 0.0664
115_10 0.2814 0.1597 0.0000  0.2861 0.1332 0.0000  0.4522 0.1708 0.0135   0.2684 0.1171 0.0004
115_11 0.7796 0.7796 0.0000  0.7192 0.7192 0.0000  0.7792 0.7421 0.0000   0.3214 0.2522 0.0000
116_1  0.6667 0.5885 0.0000  0.7291 0.6382 0.0000  0.8126 0.6074 0.0000   0.7108 0.5299 0.0000
116_2  1.0000 0.6388 0.0000  0.9392 0.6259 0.0000  0.8635 0.6028 0.0000   0.4588 0.1814 0.0000
116_3  0.8801 0.6652 0.1199  0.7617 0.5973 0.1038  0.7932 0.6290 0.3209   0.4411 0.2216 0.0752
116_4  0.7654 0.0000 0.0000  0.5531 0.0730 0.0000  0.5358 0.2958 0.0000   0.1956 0.0886 0.0000
116_5  0.5209 0.2015 0.0000  0.5209 0.2015 0.0000  0.6366 0.3232 0.2382   0.6889 0.2341 0.0496
116_6  0.7039 0.2961 0.0000  0.7860 0.3392 0.0000  0.9093 0.6502 0.0000   0.8121 0.4209 0.0000
116_7  0.4693 0.0000 0.0000  0.4122 0.1070 0.0000  0.4643 0.4041 0.1999   0.2366 0.1518 0.0641
116_8  0.8436 0.4693 0.0000  0.6568 0.3957 0.0000  0.6505 0.3858 0.0438   0.3239 0.1501 0.0187
117_1  1.0000 0.4909 0.0000  1.0000 0.3843 0.0000  0.9529 0.5436 0.0000   0.8190 0.2214 0.0000
117_2  0.6806 0.3194 0.0000  0.5397 0.2533 0.0000  0.7393 0.4890 0.0000   0.6383 0.1841 0.0000
117_3  0.8827 0.5866 0.0000  0.8231 0.4537 0.0000  0.8279 0.4866 0.0380   0.5901 0.1515 0.0007
117_4  0.9152 0.7455 0.0000  0.9475 0.7972 0.0000  0.9448 0.9020 0.0551   0.9281 0.7487 0.0165
117_5  0.7010 0.3616 0.0000  0.7374 0.3921 0.0000  0.7992 0.6670 0.0000   0.8645 0.5294 0.0000
117_6  0.9652 0.5317 0.0000  0.8908 0.4939 0.0000  0.9251 0.6089 0.0000   0.9583 0.4175 0.0000
117_8  0.6300 0.0000 0.0000  0.5377 0.0000 0.0000  0.6560 0.2232 0.0000   0.2210 0.0313 0.0000
117_9  0.3898 0.0000 0.0000  0.4086 0.0000 0.0000  0.3509 0.1300 0.0109   0.0638 0.0147 0.0001
117_10 0.4335 0.2658 0.0000  0.5347 0.2184 0.0000  0.5885 0.3698 0.0000   0.2963 0.1394 0.0000
118_1  0.9013 0.7654 0.0000  0.8869 0.7817 0.0000  0.7032 0.5771 0.0000   0.3913 0.3084 0.0000
118_2  1.0000 0.7654 0.1564  0.9076 0.7817 0.1131  0.8919 0.8606 0.0474   0.7140 0.6519 0.0303
118_3  0.7500 0.6327 0.1480  0.7793 0.6199 0.2200  0.8142 0.7797 0.2008   0.6515 0.5952 0.1219
118_4  0.8827 0.7654 0.0000  0.7691 0.5531 0.0000  0.7576 0.6672 0.0000   0.4802 0.2713 0.0000
118_5  0.2961 0.0000 0.0000  0.2140 0.1461 0.0000  0.2713 0.2112 0.1217   0.0644 0.0382 0.0113
118_6  1.0000 1.0000 0.0987  1.0000 0.9563 0.0713  0.8172 0.5806 0.0357   0.4642 0.2972 0.0227
118_7  1.0000 1.0000 0.0000  1.0000 1.0000 0.1461  0.8057 0.6502 0.0433   0.5048 0.3551 0.0156
118_8  1.0000 0.8436 0.1974  1.0000 0.8849 0.1427  0.8963 0.6349 0.0479   0.5970 0.3886 0.0113
119_1  0.6480 0.5000 0.2654  0.6070 0.4896 0.3392  0.7492 0.6722 0.1763   0.5933 0.4732 0.0435
119_2  0.8436 0.5102 0.0000  0.7443 0.4931 0.0000  0.7803 0.5968 0.0000   0.5715 0.3330 0.0000
119_3  0.8231 0.6462 0.0000  0.7797 0.6101 0.0000  0.8466 0.8243 0.0000   0.8050 0.7030 0.0000
119_4  0.8754 0.3605 0.0000  0.9004 0.3131 0.0955  0.8549 0.6030 0.1373   0.6121 0.3998 0.0610
119_5  0.2961 0.0000 0.0000  0.2870 0.0730 0.0000  0.4886 0.2228 0.0986   0.2444 0.0502 0.0409
119_6  0.7118 0.4235 0.0000  0.6427 0.4313 0.0000  0.8133 0.4615 0.0000   0.7431 0.2678 0.0000
119_7  0.9147 0.5089 0.0000  0.8878 0.5158 0.0911  0.8952 0.6269 0.1254   0.6388 0.4322 0.0508
119_8  0.8100 0.7149 0.0000  0.8550 0.7635 0.0000  0.8664 0.5478 0.0000   0.7588 0.3326 0.0000
121_1  0.6994 0.3354 0.0000  0.6686 0.3696 0.0000  0.7482 0.2500 0.0000   0.3841 0.0706 0.0000
121_2  0.9218 0.7654 0.2961  0.8304 0.7237 0.2358  0.8458 0.7030 0.3339   0.4810 0.3726 0.0442
121_3  0.8929 0.4465 0.0000  0.8648 0.5343 0.0000  0.8121 0.6394 0.0510   0.4489 0.3192 0.0083
121_4  0.9501 0.8293 0.1353  0.8699 0.7848 0.1513  0.8944 0.7797 0.2746   0.7520 0.4475 0.0654
121_5  0.5701 0.5701 0.0000  0.4935 0.4935 0.0000  0.4432 0.4432 0.0000   0.1429 0.1429 0.0000
121_6  0.7625 0.6300 0.0000  0.6764 0.5377 0.0000  0.8053 0.7069 0.0922   0.4264 0.2857 0.0143
121_7  0.8520 0.7039 0.0000  0.7910 0.6422 0.0000  0.8549 0.6510 0.0000   0.6608 0.3909 0.0000
121_8  0.8403 0.6806 0.0000  0.8734 0.6488 0.0000  0.8154 0.6950 0.0804   0.7063 0.5113 0.0147
124_1  0.4106 0.1173 0.0000  0.4645 0.1810 0.0000  0.6759 0.5706 0.0176   0.4476 0.3756 0.0024
124_2  0.7779 0.5740 0.0587  0.7648 0.5858 0.0752  0.8144 0.7003 0.2375   0.5515 0.4657 0.1255
124_3  1.0000 0.9013 0.5885  1.0000 0.8869 0.7026  0.6866 0.5798 0.1534   0.3624 0.2610 0.0433
124_4  0.8231 0.6462 0.3129  0.7817 0.6923 0.4110  0.7552 0.6505 0.2719   0.5290 0.3809 0.0918
124_5  0.4134 0.1173 0.0587  0.3856 0.1996 0.0424  0.5937 0.3890 0.1472   0.3811 0.1895 0.0458
124_6  1.0000 0.8240 0.2500  1.0000 0.8057 0.2902  0.7759 0.7142 0.2167   0.4638 0.3748 0.1143
124_7  1.0000 0.8827 0.1760  0.9635 0.8496 0.2330  0.8311 0.7110 0.0971   0.5165 0.4322 0.0556
124_8  1.0000 1.0000 0.4106  0.9635 0.8728 0.4391  0.7764 0.6703 0.1594   0.3808 0.3061 0.0779
124_9  1.0000 0.8827 0.2807  0.9307 0.8264 0.3289  0.8262 0.7023 0.2736   0.5168 0.4258 0.1270
124_10 0.8673 0.6327 0.2654  0.8057 0.6324 0.2544  0.7711 0.7100 0.2671   0.5687 0.5221 0.0561
124_11 1.0000 0.6089 0.0000  0.8638 0.6547 0.0974  0.8286 0.7120 0.0502   0.5832 0.4828 0.0121
125_1  1.0000 1.0000 0.0000  1.0000 1.0000 0.0000  0.9070 0.7994 0.0176   0.6927 0.6268 0.0002
125_2  0.8148 0.7295 0.4058  0.8476 0.6657 0.3047  0.8708 0.8269 0.3499   0.8667 0.7057 0.1667
125_3  1.0000 0.8303 0.3394  1.0000 0.8099 0.2657  0.9597 0.9100 0.4083   0.7795 0.6671 0.1750
125_4  0.5433 0.4693 0.0000  0.4219 0.4037 0.0000  0.5105 0.3627 0.0000   0.2761 0.1018 0.0000
125_5  0.8647 0.5765 0.1707  0.8229 0.7257 0.3229  0.8588 0.8156 0.2726   0.7591 0.6344 0.1510
125_6  0.7985 0.4030 0.0000  0.7019 0.4629 0.0000  0.8003 0.5276 0.0687   0.4546 0.2687 0.0044
127_1  1.0000 0.9218 0.8436  1.0000 0.9076 0.7945  0.8766 0.8287 0.3836   0.6267 0.5654 0.2105
127_2  0.6257 0.3129 0.0987  0.5191 0.3722 0.1200  0.7756 0.5617 0.1966   0.4991 0.2862 0.0832
127_3  1.0000 0.8827 0.2654  1.0000 0.8824 0.2902  0.9111 0.7642 0.1068   0.6412 0.4923 0.0504
127_4  1.0000 0.9260 0.1173  0.9672 0.9100 0.1541  0.9289 0.8756 0.0731   0.7447 0.6431 0.0808
127_5  0.9218 0.9013 0.1564  0.8745 0.6967 0.1182  0.8585 0.7544 0.0754   0.7460 0.5170 0.0653
127_6  0.9214 0.8427 0.0000  0.9398 0.7426 0.0822  0.9026 0.8546 0.2089   0.6859 0.6388 0.0593
127_7  1.0000 1.0000 0.4525  1.0000 0.8688 0.3270  0.9394 0.8084 0.1629   0.7307 0.5286 0.0786
127_8  0.7507 0.4525 0.0000  0.7352 0.4615 0.0000  0.7966 0.6309 0.0587   0.7050 0.5207 0.0032
127_9  0.9377 0.3768 0.0000  0.8267 0.3492 0.0000  0.6892 0.3785 0.1207   0.3446 0.1426 0.0294
128_1  0.6327 0.4567 0.1173  0.6539 0.4846 0.0991  0.6650 0.4894 0.0900   0.4243 0.3162 0.0328
128_2  0.9413 0.8240 0.2961  0.9211 0.8422 0.3124  0.7753 0.6241 0.1895   0.5225 0.3655 0.0515
128_3  0.8647 0.6441 0.4058  0.8154 0.7068 0.4226  0.7143 0.5639 0.2043   0.4116 0.2384 0.0815
129_1  1.0000 0.6173 0.0000  0.7958 0.5622 0.2584  0.6760 0.5127 0.2031   0.3152 0.1966 0.0569
129_2  1.0000 0.8520 0.1480  0.9270 0.8274 0.1070  0.8213 0.7428 0.2064   0.5329 0.4268 0.0818
129_3  0.8240 0.5307 0.0000  0.6376 0.5148 0.0000  0.6937 0.5284 0.0323   0.4282 0.2992 0.0031
129_4  1.0000 1.0000 0.4693  1.0000 0.9672 0.3392  0.8979 0.7871 0.1070   0.6300 0.5523 0.0278
129_5  1.0000 1.0000 0.0000  1.0000 1.0000 0.1312  0.9095 0.8148 0.0284   0.6957 0.5766 0.0035
129_6  1.0000 0.4693 0.0740  0.8688 0.4852 0.1605  0.7439 0.6186 0.1165   0.3796 0.2684 0.0270
129_7  0.8520 0.7346 0.0000  0.7618 0.6187 0.0000  0.8287 0.6859 0.0716   0.5145 0.4070 0.0105
129_8  1.0000 1.0000 0.4260  1.0000 1.0000 0.4539  0.8001 0.7400 0.3350   0.4453 0.3770 0.1508
131_1  0.7779 0.2654 0.0587  0.6881 0.4038 0.0424  0.7794 0.6310 0.1935   0.4746 0.3543 0.0322
131_2  0.6098 0.3902 0.2656  0.6189 0.3769 0.2445  0.7344 0.6742 0.1682   0.5886 0.5148 0.0629
131_3  0.8100 0.4299 0.0000  0.8196 0.3625 0.2371  0.8152 0.6107 0.1863   0.6020 0.3647 0.1028
131_4  0.8929 0.6384 0.0000  0.8590 0.7169 0.0000  0.8517 0.8166 0.0000   0.7834 0.6988 0.0000
131_5  0.9050 0.6652 0.3100  0.8026 0.6985 0.3614  0.8792 0.8294 0.4572   0.6750 0.5184 0.2514
131_6  0.8827 0.7039 0.0000  0.7766 0.5965 0.0000  0.8794 0.7749 0.0422   0.7587 0.5744 0.0060
131_7  0.6232 0.4065 0.2196  0.5723 0.3858 0.2173  0.7933 0.7013 0.3114   0.5903 0.4704 0.1680
131_8  0.6173 0.3520 0.0000  0.6258 0.2722 0.0000  0.7058 0.5511 0.0369   0.3533 0.2411 0.0005
131_9  0.9501 0.0000 0.0000  0.8446 0.0393 0.0000  0.7118 0.2139 0.0000   0.2750 0.0584 0.0000
131_10 0.8131 0.3739 0.0000  0.7788 0.3894 0.0000  0.8468 0.5810 0.0586   0.6165 0.3502 0.0108
